Leaky ReLU:
Fprop: [  1.50000000e+00  -3.60000000e-02  -1.00000000e-03   1.40000000e+00
  -5.00000000e-02  -1.50000000e-02]
Bprop: [[ 5.   0.1 -0.1 -5.   0.   0.1]]
ELU:
Fprop: [ 1.5        -0.97267628 -0.09516258  1.4        -0.99326205 -0.77686984]
Bprop: [[ 5.          0.27323722 -9.04837418 -5.          0.          2.2313016 ]]
SELU:
Fprop: [ 1.57605    -1.71009748 -0.16730879  1.47098    -1.74629008 -1.36584307]
Bprop: [[  5.2535       0.48038829 -15.90827519  -5.2535       0.           3.92293236]]
